** Name: MY BOUNDARIES
*BOUNDARY
5487, 1, 3, 0
5488, 1, 3, 0
5489, 1, 3, 0
5490, 1, 3, 0
5491, 1, 3, 0
5492, 1, 3, 0
5493, 1, 3, 0
5494, 1, 3, 0
5495, 1, 3, 0
5496, 1, 3, 0
5497, 1, 3, 0
5498, 1, 3, 0
5499, 1, 3, 0
5500, 1, 3, 0
5501, 1, 3, 0
5502, 1, 3, 0
5503, 1, 3, 0
5504, 1, 3, 0
5505, 1, 3, 0
5506, 1, 3, 0
5507, 1, 3, 0
5508, 1, 3, 0
5509, 1, 3, 0
5510, 1, 3, 0
5511, 1, 3, 0
5512, 1, 3, 0
5513, 1, 3, 0
5514, 1, 3, 0
5515, 1, 3, 0
5516, 1, 3, 0
5517, 1, 3, 0
5518, 1, 3, 0
5519, 1, 3, 0
5520, 1, 3, 0
5521, 1, 3, 0
5522, 1, 3, 0
5523, 1, 3, 0
5524, 1, 3, 0
5525, 1, 3, 0
5526, 1, 3, 0
5527, 1, 3, 0
5528, 1, 3, 0
5529, 1, 3, 0
5530, 1, 3, 0
5531, 1, 3, 0
5532, 1, 3, 0
5533, 1, 3, 0
5534, 1, 3, 0
5535, 1, 3, 0
5536, 1, 3, 0
5537, 1, 3, 0
5538, 1, 3, 0
5539, 1, 3, 0
5540, 1, 3, 0
5541, 1, 3, 0
5542, 1, 3, 0
5543, 1, 3, 0
5544, 1, 3, 0
5545, 1, 3, 0
5546, 1, 3, 0
5547, 1, 3, 0
5548, 1, 3, 0
5549, 1, 3, 0
5550, 1, 3, 0
5551, 1, 3, 0
5552, 1, 3, 0
5553, 1, 3, 0
5554, 1, 3, 0
5555, 1, 3, 0
5556, 1, 3, 0
5557, 1, 3, 0
5558, 1, 3, 0
5559, 1, 3, 0
5560, 1, 3, 0
5561, 1, 3, 0
5562, 1, 3, 0
5563, 1, 3, 0
5564, 1, 3, 0
5565, 1, 3, 0
5566, 1, 3, 0
5567, 1, 3, 0
5568, 1, 3, 0
5569, 1, 3, 0
5570, 1, 3, 0
5571, 1, 3, 0
5572, 1, 3, 0
5573, 1, 3, 0
5574, 1, 3, 0
5575, 1, 3, 0
5576, 1, 3, 0
5577, 1, 3, 0
5578, 1, 3, 0
5579, 1, 3, 0
5580, 1, 3, 0
5581, 1, 3, 0
5582, 1, 3, 0
5583, 1, 3, 0
5584, 1, 3, 0
5585, 1, 3, 0
5586, 1, 3, 0
5587, 1, 3, 0
5588, 1, 3, 0
5589, 1, 3, 0
5590, 1, 3, 0
5591, 1, 3, 0
5592, 1, 3, 0
5593, 1, 3, 0
5594, 1, 3, 0
5595, 1, 3, 0
5596, 1, 3, 0
5597, 1, 3, 0
5598, 1, 3, 0
5599, 1, 3, 0
5600, 1, 3, 0
5601, 1, 3, 0
5602, 1, 3, 0
5603, 1, 3, 0
5604, 1, 3, 0
5605, 1, 3, 0
5606, 1, 3, 0
5607, 1, 3, 0
5608, 1, 3, 0
5609, 1, 3, 0
5610, 1, 3, 0
5611, 1, 3, 0
5612, 1, 3, 0
5613, 1, 3, 0
5614, 1, 3, 0
5615, 1, 3, 0
5616, 1, 3, 0
5617, 1, 3, 0
5618, 1, 3, 0
5619, 1, 3, 0
5620, 1, 3, 0
5621, 1, 3, 0
5622, 1, 3, 0
5623, 1, 3, 0
5624, 1, 3, 0
5625, 1, 3, 0
5626, 1, 3, 0
5627, 1, 3, 0
5628, 1, 3, 0
5629, 1, 3, 0
5630, 1, 3, 0
5631, 1, 3, 0
5632, 1, 3, 0
5633, 1, 3, 0
5634, 1, 3, 0
5635, 1, 3, 0
5636, 1, 3, 0
5637, 1, 3, 0
5638, 1, 3, 0
5639, 1, 3, 0
5640, 1, 3, 0
5641, 1, 3, 0
5642, 1, 3, 0
5643, 1, 3, 0
5644, 1, 3, 0
5645, 1, 3, 0
5646, 1, 3, 0
5647, 1, 3, 0
5648, 1, 3, 0
5649, 1, 3, 0
5650, 1, 3, 0
5651, 1, 3, 0
5652, 1, 3, 0
5653, 1, 3, 0
5654, 1, 3, 0
5655, 1, 3, 0
5656, 1, 3, 0
5657, 1, 3, 0
5658, 1, 3, 0
5659, 1, 3, 0
5660, 1, 3, 0
5661, 1, 3, 0
5662, 1, 3, 0
5663, 1, 3, 0
5664, 1, 3, 0
5665, 1, 3, 0
5666, 1, 3, 0
5667, 1, 3, 0
5668, 1, 3, 0
5669, 1, 3, 0
5670, 1, 3, 0
5671, 1, 3, 0
5672, 1, 3, 0
5673, 1, 3, 0
5674, 1, 3, 0
5675, 1, 3, 0
5676, 1, 3, 0
5677, 1, 3, 0
5678, 1, 3, 0
5679, 1, 3, 0
5680, 1, 3, 0
5681, 1, 3, 0
5682, 1, 3, 0
5683, 1, 3, 0
5684, 1, 3, 0
5685, 1, 3, 0
5686, 1, 3, 0
5687, 1, 3, 0
5688, 1, 3, 0
5689, 1, 3, 0
5690, 1, 3, 0
5691, 1, 3, 0
** MY BOUNDARIES
*BOUNDARY
5692, 1, 2
5693, 1, 2
5694, 1, 2
5695, 1, 2
5696, 1, 2
5697, 1, 2
5698, 1, 2
5699, 1, 2
5700, 1, 2
5701, 1, 2
5702, 1, 2
5703, 1, 2
5704, 1, 2
5705, 1, 2
5706, 1, 2
5707, 1, 2
5708, 1, 2
5709, 1, 2
5710, 1, 2
5711, 1, 2
5712, 1, 2
5713, 1, 2
5714, 1, 2
5715, 1, 2
5716, 1, 2
5717, 1, 2
5718, 1, 2
5719, 1, 2
5720, 1, 2
5721, 1, 2
5722, 1, 2
5723, 1, 2
5724, 1, 2
5725, 1, 2
5726, 1, 2
5727, 1, 2
5728, 1, 2
5729, 1, 2
5730, 1, 2
5731, 1, 2
5732, 1, 2
5733, 1, 2
5734, 1, 2
5735, 1, 2
5736, 1, 2
5737, 1, 2
5738, 1, 2
5739, 1, 2
5740, 1, 2
5741, 1, 2
5742, 1, 2
5743, 1, 2
5744, 1, 2
5745, 1, 2
5746, 1, 2
5747, 1, 2
5748, 1, 2
5749, 1, 2
5750, 1, 2
5751, 1, 2
5752, 1, 2
5753, 1, 2
5754, 1, 2
5755, 1, 2
5756, 1, 2
5757, 1, 2
5758, 1, 2
5759, 1, 2
5760, 1, 2
5761, 1, 2
5762, 1, 2
5763, 1, 2
5764, 1, 2
5765, 1, 2
5766, 1, 2
5767, 1, 2
5768, 1, 2
5769, 1, 2
5770, 1, 2
5771, 1, 2
5772, 1, 2
5773, 1, 2
5774, 1, 2
5775, 1, 2
5776, 1, 2
5777, 1, 2
5778, 1, 2
5779, 1, 2
5780, 1, 2
5781, 1, 2
5782, 1, 2
5783, 1, 2
5784, 1, 2
5785, 1, 2
5786, 1, 2
5787, 1, 2
5788, 1, 2
5789, 1, 2
5790, 1, 2
5791, 1, 2
5792, 1, 2
5793, 1, 2
5794, 1, 2
5795, 1, 2
5796, 1, 2
5797, 1, 2
5798, 1, 2
5799, 1, 2
5800, 1, 2
5801, 1, 2
5802, 1, 2
5803, 1, 2
5804, 1, 2
5805, 1, 2
5806, 1, 2
5807, 1, 2
5808, 1, 2
5809, 1, 2
5810, 1, 2
5811, 1, 2
5812, 1, 2
5813, 1, 2
5814, 1, 2
5815, 1, 2
5816, 1, 2
5817, 1, 2
5818, 1, 2
5819, 1, 2
5820, 1, 2
5821, 1, 2
5822, 1, 2
5823, 1, 2
5824, 1, 2
5825, 1, 2
5826, 1, 2
5827, 1, 2
5828, 1, 2
5829, 1, 2
5830, 1, 2
5831, 1, 2
5832, 1, 2
5833, 1, 2
5834, 1, 2
5835, 1, 2
5836, 1, 2
5837, 1, 2
5838, 1, 2
5839, 1, 2
5840, 1, 2
5841, 1, 2
5842, 1, 2
5843, 1, 2
5844, 1, 2
5845, 1, 2
5846, 1, 2
5847, 1, 2
5848, 1, 2
5849, 1, 2
5850, 1, 2
5851, 1, 2
5852, 1, 2
5853, 1, 2
5854, 1, 2
5855, 1, 2
5856, 1, 2
5857, 1, 2
5858, 1, 2
5859, 1, 2
5860, 1, 2
5861, 1, 2
5862, 1, 2
5863, 1, 2
5864, 1, 2
5865, 1, 2
5866, 1, 2
5867, 1, 2
5868, 1, 2
5869, 1, 2
5870, 1, 2
5871, 1, 2
5872, 1, 2
5873, 1, 2
5874, 1, 2
5875, 1, 2
5876, 1, 2
5877, 1, 2
5878, 1, 2
5879, 1, 2
5880, 1, 2
5881, 1, 2
5882, 1, 2
5883, 1, 2
5884, 1, 2
5885, 1, 2
5886, 1, 2
5887, 1, 2
5888, 1, 2
5889, 1, 2
5890, 1, 2
5891, 1, 2
5892, 1, 2
5893, 1, 2
5894, 1, 2
5895, 1, 2
5896, 1, 2
