** MY NODES
*Node
5487, -27.91203, 4.935839e-16, -6.0
5488, -27.11226, -2.409807, -6.0
5489, 19.85119, 4.935839e-16, -6.0
5490, 20.65096, -2.409807, -6.0
5491, 23.88161, -12.5, -6.0
5492, 23.88161, 12.5, -6.0
5493, -23.88161, 12.5, -6.0
5494, -23.88161, -12.5, -6.0
5495, -27.70686, -1.269527, -6.0
5496, -25.51394, -3.685072, -6.0
5497, -23.4955, -4.011881, -6.0
5498, -21.57643, -3.306119, -6.0
5499, -20.25067, -1.749433, -6.0
5500, -19.85943, 0.2575195, -6.0
5501, -20.50341, 2.198192, -6.0
5502, -22.01687, 3.573097, -6.0
5503, -24.01028, 4.028364, -6.0
5504, -25.97056, 3.446817, -6.0
5505, -27.3932, 1.978134, -6.0
5506, 20.05635, -1.26951, -6.0
5507, 22.2493, -3.685085, -6.0
5508, 24.26778, -4.011875, -6.0
5509, 26.18686, -3.306067, -6.0
5510, 27.51261, -1.749326, -6.0
5511, 27.90378, 0.2576671, -6.0
5512, 27.25971, 2.19834, -6.0
5513, 25.74617, 3.573192, -6.0
5514, 23.75271, 4.028356, -6.0
5515, 21.79243, 3.44668, -6.0
5516, 20.36988, 1.977879, -6.0
5517, 27.40327, 11.99366, -6.0
5518, 30.63962, 10.51567, -6.0
5519, 33.32848, 8.185759, -6.0
5520, 35.25201, 5.192688, -6.0
5521, 36.25438, 1.778935, -6.0
5522, 36.25438, -1.778935, -6.0
5523, 35.25201, -5.192688, -6.0
5524, 33.32848, -8.185759, -6.0
5525, 30.63962, -10.51567, -6.0
5526, 27.40327, -11.99366, -6.0
5527, -27.40325, -11.99367, -6.0
5528, -30.63959, -10.51569, -6.0
5529, -33.32845, -8.185797, -6.0
5530, -35.25198, -5.192749, -6.0
5531, -36.25437, -1.779018, -6.0
5532, -36.25439, 1.778836, -6.0
5533, -35.25206, 5.192581, -6.0
5534, -33.32857, 8.185658, -6.0
5535, -30.63975, 10.51559, -6.0
5536, -27.40343, 11.99361, -6.0
5537, 20.46995, -12.5, -6.0
5538, 17.05829, -12.5, -6.0
5539, 13.64663, -12.5, -6.0
5540, 10.23498, -12.5, -6.0
5541, 6.823317, -12.5, -6.0
5542, 3.411659, -12.5, -6.0
5543, 1.421085e-14, -12.5, -6.0
5544, -3.411659, -12.5, -6.0
5545, -6.823317, -12.5, -6.0
5546, -10.23498, -12.5, -6.0
5547, -13.64663, -12.5, -6.0
5548, -17.05829, -12.5, -6.0
5549, -20.46995, -12.5, -6.0
5550, -20.46995, 12.5, -6.0
5551, -17.05829, 12.5, -6.0
5552, -13.64663, 12.5, -6.0
5553, -10.23498, 12.5, -6.0
5554, -6.823317, 12.5, -6.0
5555, -3.411659, 12.5, -6.0
5556, -1.421085e-14, 12.5, -6.0
5557, 3.411659, 12.5, -6.0
5558, 6.823317, 12.5, -6.0
5559, 10.23498, 12.5, -6.0
5560, 13.64663, 12.5, -6.0
5561, 17.05829, 12.5, -6.0
5562, 20.46995, 12.5, -6.0
5563, -25.0881, -9.25296, -6.0
5564, -27.6506, -8.253107, -6.0
5565, -30.0094, -7.061758, -6.0
5566, -31.54966, -4.96375, -6.0
5567, -33.0069, -6.775112e-05, -6.0
5568, -29.83542, 1.705996, -6.0
5569, -22.16434, -8.992727, -6.0
5570, -19.28686, -3.913081, -6.0
5571, 8.529147, 9.170891, -6.0
5572, 18.00975, 1.662008, -6.0
5573, 22.04395, 9.299638, -6.0
5574, 24.87179, 8.928602, -6.0
5575, 15.35246, 9.171191, -6.0
5576, 27.65143, 8.254866, -6.0
5577, 30.00794, 7.068062, -6.0
5578, 31.51615, 4.906346, -6.0
5579, 32.84496, -2.629537, -6.0
5580, 29.79086, -6.86151, -6.0
5581, 32.95647, -7.305268e-14, -6.0
5582, 5.117488, 9.170891, -6.0
5583, 27.73414, -8.518241, -6.0
5584, 1.705829, 9.170891, -6.0
5585, 25.04126, -8.923545, -6.0
5586, -1.705829, 9.170891, -6.0
5587, 22.08859, -9.234038, -6.0
5588, 18.65205, -9.303815, -6.0
5589, 15.35246, -9.170996, -6.0
5590, -5.117488, 9.170891, -6.0
5591, 11.94081, -9.170891, -6.0
5592, -8.529147, 9.170891, -6.0
5593, 8.529147, -9.170891, -6.0
5594, 5.117488, -9.170891, -6.0
5595, 1.705829, -9.170891, -6.0
5596, -11.94081, 9.170891, -6.0
5597, -1.705829, -9.170891, -6.0
5598, -5.117488, -9.170891, -6.0
5599, -15.39181, 8.98731, -6.0
5600, -8.529147, -9.170891, -6.0
5601, -11.94081, -9.170891, -6.0
5602, -18.51014, 9.1167, -6.0
5603, -18.68684, -9.465826, -6.0
5604, 32.85697, 2.636967, -6.0
5605, 31.52018, -4.873798, -6.0
5606, 17.63184, -0.8943212, -6.0
5607, 18.31429, -3.006109, -6.0
5608, -31.51606, 4.906183, -6.0
5609, -32.66266, -2.583927, -6.0
5610, -30.11171, -0.8466159, -6.0
5611, -29.42853, -2.944185, -6.0
5612, -27.72776, -4.891099, -6.0
5613, -24.79742, -6.150216, -6.0
5614, -21.82438, -5.661731, -6.0
5615, -15.35246, -9.170891, -6.0
5616, -21.98329, 9.229394, -6.0
5617, -17.95794, -1.154727, -6.0
5618, -24.92357, 8.924624, -6.0
5619, -18.15363, 1.900769, -6.0
5620, -27.65155, 8.254872, -6.0
5621, -19.83206, 4.318603, -6.0
5622, -30.00372, 7.060821, -6.0
5623, -22.60604, 5.983501, -6.0
5624, -25.59805, 5.785994, -6.0
5625, -32.86755, 2.632057, -6.0
5626, -28.22808, 4.442619, -6.0
5627, 20.19559, -4.610743, -6.0
5628, 22.97991, -6.051011, -6.0
5629, 26.13198, -5.764214, -6.0
5630, 28.47643, -3.912937, -6.0
5631, 29.94404, -1.348194, -6.0
5632, 29.77543, 1.881146, -6.0
5633, 28.01339, 4.581631, -6.0
5634, 18.99322, 8.645809, -6.0
5635, 25.22507, 5.883699, -6.0
5636, 22.12021, 6.145157, -6.0
5637, 11.94081, 9.178144, -6.0
5638, 19.3166, 4.417288, -6.0
5639, -19.67518, 6.695503, -6.0
5640, 20.12184, -6.800283, -6.0
5641, -16.58622, 4.837918, -6.0
5642, -15.40965, 0.542489, -6.0
5643, 17.13083, -5.801629, -6.0
5644, 15.18127, -2.821413, -6.0
5645, -16.87517, -6.156928, -6.0
5646, -13.6779, -6.120304, -6.0
5647, -10.40406, -5.966045, -6.0
5648, -6.823317, -5.839482, -6.0
5649, -3.411659, -5.839482, -6.0
5650, -13.6366, 6.173691, -6.0
5651, 1.421085e-14, -5.839482, -6.0
5652, 3.411659, -5.839482, -6.0
5653, 6.823317, -5.839729, -6.0
5654, -10.28797, 6.106605, -6.0
5655, 10.23485, -6.134849, -6.0
5656, -6.823317, 5.839482, -6.0
5657, 13.68029, -6.122639, -6.0
5658, -3.411659, 5.839482, -6.0
5659, -1.421085e-14, 5.839482, -6.0
5660, 3.411659, 5.839482, -6.0
5661, 13.63862, 6.180325, -6.0
5662, 16.93252, 5.995408, -6.0
5663, 15.03161, 0.5256036, -6.0
5664, 10.26103, 6.128284, -6.0
5665, 6.823317, 5.839482, -6.0
5666, -16.06711, -3.300633, -6.0
5667, -19.48546, -6.791324, -6.0
5668, -12.92703, -2.854832, -6.0
5669, 12.09428, -3.489997, -6.0
5670, 9.019072, 2.849906, -6.0
5671, 12.24815, 3.112563, -6.0
5672, 15.55709, 3.384719, -6.0
5673, 5.327347, 2.879807, -6.0
5674, 1.751342, 2.967637, -6.0
5675, -1.729828, 2.968976, -6.0
5676, -5.296671, 2.894942, -6.0
5677, -8.984824, 3.024331, -6.0
5678, 8.937067, -2.817129, -6.0
5679, 5.117404, -2.505992, -6.0
5680, 1.705829, -2.506686, -6.0
5681, -12.65848, 3.274658, -6.0
5682, -1.705829, -2.506686, -6.0
5683, -5.117551, -2.508387, -6.0
5684, -8.974671, -2.816672, -6.0
5685, 11.75183, -0.4154929, -6.0
5686, -11.22554, 0.1478453, -6.0
5687, -7.326763, 0.2388868, -6.0
5688, -3.54032, 0.37972, -6.0
5689, -0.00418367, 0.3791174, -6.0
5690, 3.559161, 0.3795414, -6.0
5691, 7.459527, 0.1884595, -6.0
** MY NODES
*Node
5692, -27.91203, 4.935839e-16, -6.0
5693, -27.11226, -2.409807, -6.0
5694, 19.85119, 4.935839e-16, -6.0
5695, 20.65096, -2.409807, -6.0
5696, 23.88161, -12.5, -6.0
5697, 23.88161, 12.5, -6.0
5698, -23.88161, 12.5, -6.0
5699, -23.88161, -12.5, -6.0
5700, -27.70686, -1.269527, -6.0
5701, -25.51394, -3.685072, -6.0
5702, -23.4955, -4.011881, -6.0
5703, -21.57643, -3.306119, -6.0
5704, -20.25067, -1.749433, -6.0
5705, -19.85943, 0.2575195, -6.0
5706, -20.50341, 2.198192, -6.0
5707, -22.01687, 3.573097, -6.0
5708, -24.01028, 4.028364, -6.0
5709, -25.97056, 3.446817, -6.0
5710, -27.3932, 1.978134, -6.0
5711, 20.05635, -1.26951, -6.0
5712, 22.2493, -3.685085, -6.0
5713, 24.26778, -4.011875, -6.0
5714, 26.18686, -3.306067, -6.0
5715, 27.51261, -1.749326, -6.0
5716, 27.90378, 0.2576671, -6.0
5717, 27.25971, 2.19834, -6.0
5718, 25.74617, 3.573192, -6.0
5719, 23.75271, 4.028356, -6.0
5720, 21.79243, 3.44668, -6.0
5721, 20.36988, 1.977879, -6.0
5722, 27.40327, 11.99366, -6.0
5723, 30.63962, 10.51567, -6.0
5724, 33.32848, 8.185759, -6.0
5725, 35.25201, 5.192688, -6.0
5726, 36.25438, 1.778935, -6.0
5727, 36.25438, -1.778935, -6.0
5728, 35.25201, -5.192688, -6.0
5729, 33.32848, -8.185759, -6.0
5730, 30.63962, -10.51567, -6.0
5731, 27.40327, -11.99366, -6.0
5732, -27.40325, -11.99367, -6.0
5733, -30.63959, -10.51569, -6.0
5734, -33.32845, -8.185797, -6.0
5735, -35.25198, -5.192749, -6.0
5736, -36.25437, -1.779018, -6.0
5737, -36.25439, 1.778836, -6.0
5738, -35.25206, 5.192581, -6.0
5739, -33.32857, 8.185658, -6.0
5740, -30.63975, 10.51559, -6.0
5741, -27.40343, 11.99361, -6.0
5742, 20.46995, -12.5, -6.0
5743, 17.05829, -12.5, -6.0
5744, 13.64663, -12.5, -6.0
5745, 10.23498, -12.5, -6.0
5746, 6.823317, -12.5, -6.0
5747, 3.411659, -12.5, -6.0
5748, 1.421085e-14, -12.5, -6.0
5749, -3.411659, -12.5, -6.0
5750, -6.823317, -12.5, -6.0
5751, -10.23498, -12.5, -6.0
5752, -13.64663, -12.5, -6.0
5753, -17.05829, -12.5, -6.0
5754, -20.46995, -12.5, -6.0
5755, -20.46995, 12.5, -6.0
5756, -17.05829, 12.5, -6.0
5757, -13.64663, 12.5, -6.0
5758, -10.23498, 12.5, -6.0
5759, -6.823317, 12.5, -6.0
5760, -3.411659, 12.5, -6.0
5761, -1.421085e-14, 12.5, -6.0
5762, 3.411659, 12.5, -6.0
5763, 6.823317, 12.5, -6.0
5764, 10.23498, 12.5, -6.0
5765, 13.64663, 12.5, -6.0
5766, 17.05829, 12.5, -6.0
5767, 20.46995, 12.5, -6.0
5768, -25.0881, -9.25296, -6.0
5769, -27.6506, -8.253107, -6.0
5770, -30.0094, -7.061758, -6.0
5771, -31.54966, -4.96375, -6.0
5772, -33.0069, -6.775112e-05, -6.0
5773, -29.83542, 1.705996, -6.0
5774, -22.16434, -8.992727, -6.0
5775, -19.28686, -3.913081, -6.0
5776, 8.529147, 9.170891, -6.0
5777, 18.00975, 1.662008, -6.0
5778, 22.04395, 9.299638, -6.0
5779, 24.87179, 8.928602, -6.0
5780, 15.35246, 9.171191, -6.0
5781, 27.65143, 8.254866, -6.0
5782, 30.00794, 7.068062, -6.0
5783, 31.51615, 4.906346, -6.0
5784, 32.84496, -2.629537, -6.0
5785, 29.79086, -6.86151, -6.0
5786, 32.95647, -7.305268e-14, -6.0
5787, 5.117488, 9.170891, -6.0
5788, 27.73414, -8.518241, -6.0
5789, 1.705829, 9.170891, -6.0
5790, 25.04126, -8.923545, -6.0
5791, -1.705829, 9.170891, -6.0
5792, 22.08859, -9.234038, -6.0
5793, 18.65205, -9.303815, -6.0
5794, 15.35246, -9.170996, -6.0
5795, -5.117488, 9.170891, -6.0
5796, 11.94081, -9.170891, -6.0
5797, -8.529147, 9.170891, -6.0
5798, 8.529147, -9.170891, -6.0
5799, 5.117488, -9.170891, -6.0
5800, 1.705829, -9.170891, -6.0
5801, -11.94081, 9.170891, -6.0
5802, -1.705829, -9.170891, -6.0
5803, -5.117488, -9.170891, -6.0
5804, -15.39181, 8.98731, -6.0
5805, -8.529147, -9.170891, -6.0
5806, -11.94081, -9.170891, -6.0
5807, -18.51014, 9.1167, -6.0
5808, -18.68684, -9.465826, -6.0
5809, 32.85697, 2.636967, -6.0
5810, 31.52018, -4.873798, -6.0
5811, 17.63184, -0.8943212, -6.0
5812, 18.31429, -3.006109, -6.0
5813, -31.51606, 4.906183, -6.0
5814, -32.66266, -2.583927, -6.0
5815, -30.11171, -0.8466159, -6.0
5816, -29.42853, -2.944185, -6.0
5817, -27.72776, -4.891099, -6.0
5818, -24.79742, -6.150216, -6.0
5819, -21.82438, -5.661731, -6.0
5820, -15.35246, -9.170891, -6.0
5821, -21.98329, 9.229394, -6.0
5822, -17.95794, -1.154727, -6.0
5823, -24.92357, 8.924624, -6.0
5824, -18.15363, 1.900769, -6.0
5825, -27.65155, 8.254872, -6.0
5826, -19.83206, 4.318603, -6.0
5827, -30.00372, 7.060821, -6.0
5828, -22.60604, 5.983501, -6.0
5829, -25.59805, 5.785994, -6.0
5830, -32.86755, 2.632057, -6.0
5831, -28.22808, 4.442619, -6.0
5832, 20.19559, -4.610743, -6.0
5833, 22.97991, -6.051011, -6.0
5834, 26.13198, -5.764214, -6.0
5835, 28.47643, -3.912937, -6.0
5836, 29.94404, -1.348194, -6.0
5837, 29.77543, 1.881146, -6.0
5838, 28.01339, 4.581631, -6.0
5839, 18.99322, 8.645809, -6.0
5840, 25.22507, 5.883699, -6.0
5841, 22.12021, 6.145157, -6.0
5842, 11.94081, 9.178144, -6.0
5843, 19.3166, 4.417288, -6.0
5844, -19.67518, 6.695503, -6.0
5845, 20.12184, -6.800283, -6.0
5846, -16.58622, 4.837918, -6.0
5847, -15.40965, 0.542489, -6.0
5848, 17.13083, -5.801629, -6.0
5849, 15.18127, -2.821413, -6.0
5850, -16.87517, -6.156928, -6.0
5851, -13.6779, -6.120304, -6.0
5852, -10.40406, -5.966045, -6.0
5853, -6.823317, -5.839482, -6.0
5854, -3.411659, -5.839482, -6.0
5855, -13.6366, 6.173691, -6.0
5856, 1.421085e-14, -5.839482, -6.0
5857, 3.411659, -5.839482, -6.0
5858, 6.823317, -5.839729, -6.0
5859, -10.28797, 6.106605, -6.0
5860, 10.23485, -6.134849, -6.0
5861, -6.823317, 5.839482, -6.0
5862, 13.68029, -6.122639, -6.0
5863, -3.411659, 5.839482, -6.0
5864, -1.421085e-14, 5.839482, -6.0
5865, 3.411659, 5.839482, -6.0
5866, 13.63862, 6.180325, -6.0
5867, 16.93252, 5.995408, -6.0
5868, 15.03161, 0.5256036, -6.0
5869, 10.26103, 6.128284, -6.0
5870, 6.823317, 5.839482, -6.0
5871, -16.06711, -3.300633, -6.0
5872, -19.48546, -6.791324, -6.0
5873, -12.92703, -2.854832, -6.0
5874, 12.09428, -3.489997, -6.0
5875, 9.019072, 2.849906, -6.0
5876, 12.24815, 3.112563, -6.0
5877, 15.55709, 3.384719, -6.0
5878, 5.327347, 2.879807, -6.0
5879, 1.751342, 2.967637, -6.0
5880, -1.729828, 2.968976, -6.0
5881, -5.296671, 2.894942, -6.0
5882, -8.984824, 3.024331, -6.0
5883, 8.937067, -2.817129, -6.0
5884, 5.117404, -2.505992, -6.0
5885, 1.705829, -2.506686, -6.0
5886, -12.65848, 3.274658, -6.0
5887, -1.705829, -2.506686, -6.0
5888, -5.117551, -2.508387, -6.0
5889, -8.974671, -2.816672, -6.0
5890, 11.75183, -0.4154929, -6.0
5891, -11.22554, 0.1478453, -6.0
5892, -7.326763, 0.2388868, -6.0
5893, -3.54032, 0.37972, -6.0
5894, -0.00418367, 0.3791174, -6.0
5895, 3.559161, 0.3795414, -6.0
5896, 7.459527, 0.1884595, -6.0
